2
288
321
36
112
296
107
121
101
107
260
279
298
319
274
106
118
317
302
291
268
282
274
321
300
320
36
296
104
263
275
280
302
316
271
318
109
112
112
36
105
122
283
120
121
297
112
125
36
107
283
105
264
266
273
291
262
91
260
284
260
273
316
280
301
103
317
116
293
266
312
309
109
116
270
261
105
298
119
281
36
319
289
309
118
322
109
103
120
301
114
105
291
300
271
312
307
303
103
297
103
269
295
112
115
119
315
115
116
120
109
113
320
303
121
116
104
295
313
318
105
109
107
108
120
315
103
108
105
103
111
116
115
261
120
307
290
267
101
122
260
313
292
322
36
279
50
3